shape_id,shape_dist_traveled,shape_pt_lon,shape_pt_sequence,shape_pt_lat
R001_0,0.0,76.34918872659786,1,10.110608860405783
R001_0,0.04,76.34934604853134,2,10.110250193435004
R001_0,0.08,76.3495,3,10.1099
R001_0,0.14,76.34961929188948,4,10.109410585097017
R001_0,0.19,76.34971865311061,5,10.109003007442977
R001_0,0.32,76.3499587760617,6,10.107845484086933
R001_0,0.41000000000000003,76.35008297758814,7,10.107079233938267
R001_0,0.47000000000000003,76.35014921840224,8,10.106533075802389
R001_0,0.55,76.35015749850399,9,10.105848338918063
R001_0,0.63,76.35012437809694,10,10.105114690637768
R001_0,0.7,76.35004157707932,11,10.104462557427555
R001_0,0.77,76.3499173755529,12,10.103875636407402
R001_0,0.86,76.34967725260182,13,10.103101225088661
R001_0,0.96,76.34934604853134,14,10.102269749807036
R001_0,1.04,76.34898793413015,15,10.101666521296314
R001_0,1.19,76.34822616476806,16,10.10058233748009
R001_0,1.25,76.34794464130816,17,10.100142141504032
R001_0,1.37,76.34742299489717,18,10.099155774259282
R001_0,1.4200000000000002,76.34724704273474,19,10.098788942694194
R001_0,1.5100000000000002,76.3469737993766,20,10.097981911778632
R001_0,1.6100000000000003,76.34679991723961,21,10.097101512107363
R001_0,1.7100000000000004,76.34671711622198,22,10.096172198729745
R001_0,1.7900000000000005,76.34665087540789,23,10.095454832181671
R001_0,1.8300000000000005,76.3466,24,10.0951
R001_0,1.8800000000000006,76.34651011367795,25,10.094631489058944
R001_0,1.9600000000000006,76.34632795143918,26,10.093954878777392
R001_0,2.0500000000000007,76.3460774783609,27,10.09318859553606
R001_0,2.1400000000000006,76.34577939469747,28,10.092463070360308
R001_0,2.3900000000000006,76.3446698610614,29,10.090449525632145
R001_0,2.5400000000000005,76.34397433251341,30,10.089267479338519
R001_0,2.6500000000000004,76.34349305159851,31,10.08842781623194
R001_0,2.7100000000000004,76.3432115281386,32,10.087954995266635
R001_0,2.8000000000000003,76.3428,33,10.0873
R001_0,2.85,76.34260190564639,34,10.086895221615906
R001_0,2.94,76.34221688091448,35,10.08622267114428
R001_0,3.17,76.34119532335961,36,10.084457728986427
R001_0,3.34,76.34042941394667,37,10.083104464246922
R001_0,3.4899999999999998,76.33984152672157,38,10.081873477529253
R001_0,3.5799999999999996,76.33954344305815,39,10.081099013277115
R001_0,3.6699999999999995,76.3392648952598,40,10.08030263789797
R001_0,3.7899999999999996,76.3389,41,10.0793
R001_0,3.9499999999999997,76.33838616946036,42,10.077922161821723
R001_0,4.029999999999999,76.33810464600047,43,10.077306659154111
R001_0,4.079999999999999,76.33783761271864,44,10.076923497959617
R001_0,4.129999999999999,76.33752296885172,45,10.076577022019373
R001_0,4.199999999999999,76.3370251277333,46,10.07615309800953
R001_0,4.3999999999999995,76.33575827216379,47,10.07491800853431
R001_0,4.63,76.33426992387216,48,10.073430188198621
R001_0,4.74,76.3336,49,10.0727
R001_0,4.92,76.33263149873608,50,10.07144505832319
R001_0,5.17,76.33098996856185,51,10.069822704918261
R001_0,5.31,76.33007294729175,52,10.06892184686672
R001_0,5.409999999999999,76.32944365955788,53,10.068216648537405
R001_0,5.489999999999999,76.32899860408818,54,10.067678577099308
R001_0,5.72,76.32796980144431,55,10.06583200693271
R001_0,5.91,76.32697618923294,56,10.064397137169466
R001_0,6.08,76.32591633620746,57,10.063223148073885
R001_0,6.2700000000000005,76.32445903829742,58,10.062277431531228
R001_0,6.420000000000001,76.32339918527194,59,10.061429545379392
R001_0,6.530000000000001,76.32276989753807,60,10.060646879263217
R001_0,6.6800000000000015,76.32227309143236,61,10.059375042778887
R001_0,6.770000000000001,76.322,62,10.0586
R001_0,6.8900000000000015,76.32161068329144,63,10.057630335864618
R001_0,7.170000000000002,76.3212132384069,64,10.055135551663975
R001_0,7.420000000000002,76.32024860655166,65,10.053064703089197
R001_0,7.650000000000002,76.31950339739313,66,10.05109167753654
R001_0,8.160000000000002,76.3182,67,10.0467
R001_0,8.860000000000001,76.31633625846933,68,10.04068825279645
R001_0,9.410000000000002,76.3144,69,10.0361
R001_0,9.850000000000001,76.3126184927784,70,10.032534864816691
R001_0,10.64,76.30900836841036,71,10.02640338182592
R001_0,10.8,76.3083,72,10.0251
R001_0,11.530000000000001,76.30497457883551,73,10.01943910589762
R001_0,11.73,76.30376580943441,74,10.018132638905785
R001_0,11.9,76.30276341529691,75,10.016942297731514
R001_0,11.98,76.30238014695023,76,10.016332609096933
R001_0,12.110000000000001,76.3023,77,10.0152
R001_0,12.21,76.30220325386713,78,10.014300305372988
R001_0,12.75,76.30358891635133,79,10.009625958503708
R001_0,13.13,76.3048,80,10.0064
R001_0,13.290000000000001,76.30510724864781,81,10.005038645826346
R001_0,13.350000000000001,76.30510724864781,82,10.004530553410598
R001_0,13.490000000000002,76.30470923921088,83,10.003369196332768
R001_0,13.690000000000001,76.30354469308054,84,10.001932011200497
R001_0,13.740000000000002,76.30317616582411,85,10.001714255322778
R001_0,13.820000000000002,76.30243668515558,86,10.001517548873277
R001_0,14.040000000000003,76.300449771081,87,10.001119841466005
R001_0,14.090000000000003,76.3,88,10.001
R001_0,14.100000000000003,76.29998131166504,89,10.000913033421826
R001_0,14.240000000000004,76.2989,90,10.0002
R001_0,14.380000000000004,76.29778843698517,91,9.999529006968833
R001_0,14.510000000000005,76.29686767192622,92,9.998741541011
R001_0,14.750000000000005,76.29517960265149,93,9.997333642573508
R001_0,14.880000000000006,76.29422653004659,94,9.996601851146377
R001_0,15.100000000000007,76.2926030758637,95,9.995416663709888
R001_0,15.280000000000006,76.2914,96,9.9943
R001_0,15.530000000000006,76.28986904978954,97,9.992680375541934
R001_0,15.670000000000007,76.28896847694678,98,9.991837212337712
R001_0,15.750000000000007,76.2884,99,9.9914
R001_0,15.850000000000007,76.28769232888261,100,9.990858822105993
R001_0,15.880000000000006,76.28752271426649,101,9.990707688393123
R001_0,16.040000000000006,76.2866665642994,102,9.989530433909946
R001_0,16.200000000000006,76.28595579828898,103,9.988297493903806
R001_0,16.270000000000007,76.28557618462433,104,9.98783613450657
R001_0,16.330000000000005,76.28523695539208,105,9.987462273825471
R001_0,16.370000000000005,76.28493811059225,106,9.987199775643736
R001_0,16.470000000000006,76.28420311392236,107,9.986690687657338
R001_0,16.580000000000005,76.28328638730667,108,9.986300916629386
R001_0,16.630000000000006,76.2828663892096,109,9.98614182627972
R001_0,16.680000000000007,76.28251100620437,110,9.985935008708877
R001_0,16.720000000000006,76.28226062272343,111,9.985664554764059
R001_0,16.750000000000007,76.28209908499379,112,9.985402055132067
R001_0,16.790000000000006,76.28199408546953,113,9.985075918930699
R001_0,16.840000000000007,76.28196985481007,114,9.984654327747034
R001_0,16.870000000000008,76.28201831612898,115,9.984375918175399
R001_0,16.980000000000008,76.2823,116,9.9834
R001_0,17.180000000000007,76.28290677364201,117,9.98173499268099
R001_0,17.420000000000005,76.28328254771993,118,9.979615207824892
R001_0,17.520000000000007,76.2834682550632,119,9.978780194386482
R001_0,17.740000000000006,76.28413160412475,120,9.976907355778346
R001_0,17.930000000000007,76.28458857792273,121,9.975295834867703
R001_0,18.550000000000008,76.28566145896912,122,9.96981747409136
R001_1,0.0,76.28566145896912,1,9.96981747409136
R001_1,0.62,76.28458857792273,2,9.975295834867703
R001_1,0.81,76.28413160412475,3,9.976907355778346
R001_1,1.03,76.2834682550632,4,9.978780194386482
R001_1,1.13,76.28328254771993,5,9.979615207824892
R001_1,1.37,76.28290677364201,6,9.98173499268099
R001_1,1.57,76.2823,7,9.9834
R001_1,1.68,76.28201831612898,8,9.984375918175399
R001_1,1.71,76.28196985481007,9,9.984654327747034
R001_1,1.76,76.28199408546953,10,9.985075918930699
R001_1,1.8,76.28209908499379,11,9.985402055132067
R001_1,1.83,76.28226062272343,12,9.985664554764059
R001_1,1.87,76.28251100620437,13,9.985935008708877
R001_1,1.92,76.2828663892096,14,9.98614182627972
R001_1,1.97,76.28328638730667,15,9.986300916629386
R001_1,2.08,76.28420311392236,16,9.986690687657338
R001_1,2.18,76.28493811059225,17,9.987199775643736
R001_1,2.22,76.28523695539208,18,9.987462273825471
R001_1,2.28,76.28557618462433,19,9.98783613450657
R001_1,2.35,76.28595579828898,20,9.988297493903806
R001_1,2.51,76.2866665642994,21,9.989530433909946
R001_1,2.67,76.28752271426649,22,9.990707688393123
R001_1,2.7,76.28769232888261,23,9.990858822105993
R001_1,2.8,76.2884,24,9.9914
R001_1,2.88,76.28896847694678,25,9.991837212337712
R001_1,3.02,76.28986904978954,26,9.992680375541934
R001_1,3.27,76.2914,27,9.9943
R001_1,3.45,76.2926030758637,28,9.995416663709888
R001_1,3.67,76.29422653004659,29,9.996601851146377
R001_1,3.8,76.29517960265149,30,9.997333642573508
R001_1,4.04,76.29686767192622,31,9.998741541011
R001_1,4.17,76.29778843698517,32,9.999529006968833
R001_1,4.31,76.2989,33,10.0002
R001_1,4.45,76.29998131166504,34,10.000913033421826
R001_1,4.46,76.3,35,10.001
R001_1,4.51,76.300449771081,36,10.001119841466005
R001_1,4.73,76.30243668515558,37,10.001517548873277
R001_1,4.81,76.30317616582411,38,10.001714255322778
R001_1,4.86,76.30354469308054,39,10.001932011200497
R001_1,5.06,76.30470923921088,40,10.003369196332768
R001_1,5.2,76.30510724864781,41,10.004530553410598
R001_1,5.26,76.30510724864781,42,10.005038645826346
R001_1,5.42,76.3048,43,10.0064
R001_1,5.8,76.30358891635133,44,10.009625958503708
R001_1,6.34,76.30220325386713,45,10.014300305372988
R001_1,6.44,76.3023,46,10.0152
R001_1,6.57,76.30238014695023,47,10.016332609096933
R001_1,6.65,76.30276341529691,48,10.016942297731514
R001_1,6.82,76.30376580943441,49,10.018132638905785
R001_1,7.02,76.30497457883551,50,10.01943910589762
R001_1,7.75,76.3083,51,10.0251
R001_1,7.91,76.30900836841036,52,10.02640338182592
R001_1,8.7,76.3126184927784,53,10.032534864816691
R001_1,9.14,76.3144,54,10.0361
R001_1,9.69,76.31633625846933,55,10.04068825279645
R001_1,10.39,76.3182,56,10.0467
R001_1,10.9,76.31950339739313,57,10.05109167753654
R001_1,11.13,76.32024860655166,58,10.053064703089197
R001_1,11.38,76.3212132384069,59,10.055135551663975
R001_1,11.66,76.32161068329144,60,10.057630335864618
R001_1,11.78,76.322,61,10.0586
R001_1,11.87,76.32227309143236,62,10.059375042778887
R001_1,12.02,76.32276989753807,63,10.060646879263217
R001_1,12.13,76.32339918527194,64,10.061429545379392
R001_1,12.28,76.32445903829742,65,10.062277431531228
R001_1,12.47,76.32591633620746,66,10.063223148073885
R001_1,12.64,76.32697618923294,67,10.064397137169466
R001_1,12.83,76.32796980144431,68,10.06583200693271
R001_1,13.06,76.32899860408818,69,10.067678577099308
R001_1,13.14,76.32944365955788,70,10.068216648537405
R001_1,13.24,76.33007294729175,71,10.06892184686672
R001_1,13.38,76.33098996856185,72,10.069822704918261
R001_1,13.63,76.33263149873608,73,10.07144505832319
R001_1,13.81,76.3336,74,10.0727
R001_1,13.92,76.33426992387216,75,10.073430188198621
R001_1,14.15,76.33575827216379,76,10.07491800853431
R001_1,14.35,76.3370251277333,77,10.07615309800953
R001_1,14.42,76.33752296885172,78,10.076577022019373
R001_1,14.47,76.33783761271864,79,10.076923497959617
R001_1,14.52,76.33810464600047,80,10.077306659154111
R001_1,14.6,76.33838616946036,81,10.077922161821723
R001_1,14.76,76.3389,82,10.0793
R001_1,14.88,76.3392648952598,83,10.08030263789797
R001_1,14.97,76.33954344305815,84,10.081099013277115
R001_1,15.06,76.33984152672157,85,10.081873477529253
R001_1,15.21,76.34042941394667,86,10.083104464246922
R001_1,15.38,76.34119532335961,87,10.084457728986427
R001_1,15.61,76.34221688091448,88,10.08622267114428
R001_1,15.7,76.34260190564639,89,10.086895221615906
R001_1,15.75,76.3428,90,10.0873
R001_1,15.84,76.3432115281386,91,10.087954995266635
R001_1,15.9,76.34349305159851,92,10.08842781623194
R001_1,16.01,76.34397433251341,93,10.089267479338519
R001_1,16.16,76.3446698610614,94,10.090449525632145
R001_1,16.41,76.34577939469747,95,10.092463070360308
R001_1,16.5,76.3460774783609,96,10.09318859553606
R001_1,16.59,76.34632795143918,97,10.093954878777392
R001_1,16.67,76.34651011367795,98,10.094631489058944
R001_1,16.72,76.3466,99,10.0951
R001_1,16.76,76.34665087540789,100,10.095454832181671
R001_1,16.84,76.34671711622198,101,10.096172198729745
R001_1,16.94,76.34679991723961,102,10.097101512107363
R001_1,17.04,76.3469737993766,103,10.097981911778632
R001_1,17.13,76.34724704273474,104,10.098788942694194
R001_1,17.18,76.34742299489717,105,10.099155774259282
R001_1,17.3,76.34794464130816,106,10.100142141504032
R001_1,17.36,76.34822616476806,107,10.10058233748009
R001_1,17.51,76.34898793413015,108,10.101666521296314
R001_1,17.59,76.34934604853134,109,10.102269749807036
R001_1,17.69,76.34967725260182,110,10.103101225088661
R001_1,17.78,76.3499173755529,111,10.103875636407402
R001_1,17.85,76.35004157707932,112,10.104462557427555
R001_1,17.92,76.35012437809694,113,10.105114690637768
R001_1,18.0,76.35015749850399,114,10.105848338918063
R001_1,18.08,76.35014921840224,115,10.106533075802389
R001_1,18.14,76.35008297758814,116,10.107079233938267
R001_1,18.23,76.3499587760617,117,10.107845484086933
R001_1,18.36,76.34971865311061,118,10.109003007442977
R001_1,18.41,76.34961929188948,119,10.109410585097017
R001_1,18.47,76.3495,120,10.1099
R001_1,18.51,76.34934604853134,121,10.110250193435004
R001_1,18.55,76.34918872659786,122,10.110608860405783
